SUCCESS: 2024-09-08T06:52:38.877564+00:00
SUCCESS: 2024-09-26T03:51:20.166156+00:00
SUCCESS: 2024-09-26T03:51:30.181317+00:00
